ham-1 : 0.5
ham-2 : 0.0057995
ham-3 : 0.191483
ham-4 : 0.00787402
ham-5 : 0.000277701
ham-6 : 0.00106553
ham-7 : 0.157303
ham-8 : 0.00194067
ham-9 : 0.344538
ham-10 : 0.310606
ham-11 : 8.81833e-07
ham-12 : 7.61847e-05
ham-13 : 0.157303
ham-14 : 0.0057995
ham-15 : 0.0613969
ham-16 : 0.0432577
ham-17 : 0.0851522
ham-18 : 0.210526
ham-19 : 0.333333
ham-20 : 0.00536324
-------------------------------------
spam-1 : 0.5
spam-2 : 0.118876
spam-3 : 0.0903955
spam-4 : 0.16047
spam-5 : 0.600939
spam-6 : 0.44086
spam-7 : 0.677686
spam-8 : 0.5
spam-9 : 0.5
spam-10 : 0.285714
spam-11 : 0.126295
spam-12 : 0.627151
spam-13 : 0.573677
spam-14 : 0.5
spam-15 : 0.384261
spam-16 : 0.0803333
spam-17 : 0.719073
spam-18 : 0.719073
spam-19 : 0.482074
spam-20 : 0.719073
-------------------------------------
